structure(list(Year = structure(c(1L, 2L, 3L, 4L, 5L, 6L, 7L, 
8L, 9L, 10L, 11L, 12L, 13L, 14L, 15L, 16L, 17L, 18L, 19L, 20L, 
21L, 22L, 23L, 24L, 25L, 26L, 27L, 28L, 29L, 30L, 31L, 32L, 33L, 
34L, 35L, 36L, 37L, 38L, 39L, 40L, 41L, 42L, 43L, 44L, 45L, 46L, 
47L, 48L, 49L, 50L, 51L, 52L, 53L, 54L, 55L, 56L, 57L, 58L, 59L, 
60L, 61L, 62L, 63L, 64L, 65L, 66L, 67L, 68L, 69L, 70L, 71L, 72L, 
73L, 74L, 75L, 76L, 120L, 77L, 78L, 79L, 80L, 81L, 82L, 83L, 
84L, 85L, 86L, 87L, 88L, 89L, 90L, 91L, 92L, 93L, 94L, 95L, 96L, 
97L, 98L, 99L, 100L, 101L, 102L, 103L, 104L, 105L, 106L, 107L, 
108L, 109L, 110L, 111L, 112L, 113L, 114L, 115L, 116L, 117L, 118L, 
119L), .Label = c("1901", "1902", "1903", "1904", "1905", "1906", 
"1907", "1908", "1909", "1910", "1911", "1912", "1913", "1914", 
"1915", "1916", "1917", "1918", "1919", "1920", "1921", "1922", 
"1923", "1924", "1925", "1926", "1927", "1928", "1929", "1930", 
"1931", "1932", "1933", "1934", "1935", "1936", "1937", "1938", 
"1939", "1940", "1941", "1942", "1943", "1944", "1945", "1946", 
"1947", "1948", "1949", "1950", "1951", "1952", "1953", "1954", 
"1955", "1956", "1957", "1958", "1959", "1960", "1961", "1962", 
"1963", "1964", "1965", "1966", "1967", "1968", "1969", "1970", 
"1971", "1972", "1973", "1974", "1975", "1976", "1977", "1978", 
"1979", "1980", "1981", "1982", "1983", "1984", "1985", "1986", 
"1987", "1988", "1989", "1990", "1991", "1992", "1993", "1994", 
"1995", "1996", "1997", "1998", "1999", "2000", "2001", "2002", 
"2003", "2004", "2005", "2006", "2007", "2008", "2009", "2010", 
"2011", "2012", "2013", "2014 estimate", "2015 estimate", "2016 estimate", 
"2017 estimate", "2018 estimate", "2019 estimate", "TQ"), class = "factor"), 
    TReceipts = structure(c(82L, 81L, 81L, 79L, 80L, 83L, 95L, 
    90L, 91L, 97L, 102L, 101L, 103L, 104L, 98L, 107L, 4L, 51L, 
    74L, 87L, 76L, 66L, 54L, 56L, 50L, 52L, 65L, 57L, 55L, 68L, 
    46L, 15L, 17L, 38L, 49L, 58L, 75L, 88L, 85L, 86L, 112L, 22L, 
    41L, 71L, 72L, 61L, 60L, 70L, 62L, 63L, 77L, 94L, 99L, 100L, 
    93L, 106L, 111L, 110L, 109L, 116L, 117L, 118L, 18L, 19L, 
    20L, 21L, 23L, 24L, 25L, 27L, 26L, 39L, 40L, 42L, 43L, 44L, 
    113L, 59L, 64L, 73L, 78L, 84L, 92L, 89L, 96L, 105L, 108L, 
    114L, 115L, 119L, 1L, 2L, 3L, 5L, 6L, 7L, 8L, 9L, 10L, 12L, 
    28L, 16L, 13L, 11L, 14L, 30L, 33L, 36L, 35L, 29L, 31L, 32L, 
    34L, 37L, 45L, 47L, 48L, 53L, 67L, 69L), .Label = c("1,031,958", 
    "1,054,988", "1,091,208", "1,101", "1,154,335", "1,258,566", 
    "1,351,790", "1,453,053", "1,579,232", "1,721,728", "1,782,314", 
    "1,827,452", "1,853,136", "1,880,114", "1,924", "1,991,082", 
    "1,997", "106,560", "112,613", "116,817", "130,835", "14,634", 
    "148,822", "152,973", "186,882", "187,139", "192,807", "2,025,191", 
    "2,104,989", "2,153,611", "2,162,706", "2,303,466", "2,406,869", 
    "2,450,164", "2,523,991", "2,567,985", "2,775,103", "2,955", 
    "207,309", "230,799", "24,001", "263,224", "279,090", "298,060", 
    "3,001,721", "3,116", "3,337,425", "3,567,952", "3,609", 
    "3,641", "3,645", "3,795", "3,810,779", "3,853", "3,862", 
    "3,871", "3,900", "3,923", "355,559", "38,514", "39,296", 
    "39,415", "39,443", "399,561", "4,013", "4,026", "4,029,856", 
    "4,058", "4,226,119", "41,560", "43,747", "45,159", "463,302", 
    "5,130", "5,387", "5,571", "51,616", "517,112", "541", "544", 
    "562", "588", "595", "599,272", "6,295", "6,548", "6,649", 
    "6,751", "600,562", "602", "604", "617,766", "65,451", "66,167", 
    "666", "666,438", "676", "683", "69,608", "69,701", "693", 
    "702", "714", "725", "734,037", "74,587", "761", "769,155", 
    "79,249", "79,636", "79,990", "8,712", "81,232", "854,288", 
    "909,238", "92,492", "94,388", "99,676", "991,105"), class = "factor"), 
    TOutlays = structure(c(77L, 73L, 76L, 82L, 79L, 80L, 81L, 
    88L, 94L, 94L, 93L, 92L, 99L, 100L, 102L, 98L, 16L, 21L, 
    26L, 84L, 74L, 48L, 47L, 36L, 37L, 38L, 35L, 39L, 46L, 49L, 
    54L, 67L, 66L, 86L, 85L, 106L, 95L, 87L, 110L, 111L, 22L, 
    60L, 105L, 112L, 115L, 78L, 59L, 45L, 62L, 70L, 71L, 89L, 
    103L, 97L, 91L, 96L, 104L, 108L, 113L, 114L, 118L, 17L, 18L, 
    20L, 19L, 23L, 24L, 25L, 27L, 28L, 41L, 42L, 43L, 44L, 58L, 
    61L, 117L, 69L, 72L, 75L, 83L, 90L, 101L, 107L, 109L, 116L, 
    119L, 1L, 2L, 3L, 4L, 5L, 6L, 7L, 8L, 9L, 10L, 11L, 12L, 
    13L, 14L, 15L, 29L, 30L, 31L, 32L, 33L, 34L, 40L, 52L, 51L, 
    55L, 53L, 50L, 56L, 57L, 63L, 64L, 65L, 68L), .Label = c("1,004,017", 
    "1,064,416", "1,143,744", "1,252,994", "1,324,226", "1,381,529", 
    "1,409,386", "1,461,753", "1,515,742", "1,560,484", "1,601,116", 
    "1,652,458", "1,701,842", "1,788,950", "1,862,846", "1,954", 
    "106,821", "111,316", "118,228", "118,528", "12,677", "13,653", 
    "134,532", "157,464", "178,134", "18,493", "183,640", "195,649", 
    "2,010,894", "2,159,899", "2,292,841", "2,471,957", "2,655,050", 
    "2,728,686", "2,857", "2,908", "2,924", "2,930", "2,961", 
    "2,982,544", "210,172", "230,681", "245,707", "269,359", 
    "29,764", "3,127", "3,140", "3,289", "3,320", "3,454,605", 
    "3,457,079", "3,517,677", "3,537,127", "3,577", "3,603,059", 
    "3,650,526", "3,900,989", "332,332", "34,496", "35,137", 
    "371,792", "38,835", "4,099,078", "4,268,606", "4,443,145", 
    "4,598", "4,659", "4,728,791", "409,218", "42,562", "45,514", 
    "458,746", "485", "5,062", "504,028", "517", "525", "55,232", 
    "567", "570", "579", "584", "590,941", "6,358", "6,412", 
    "6,541", "6,840", "659", "67,686", "678,241", "68,444", "690", 
    "691", "694", "7,580", "70,640", "70,855", "713", "715", 
    "726", "745,743", "746", "76,101", "76,578", "78,555", "8,228", 
    "808,364", "82,405", "851,805", "9,141", "9,468", "91,304", 
    "92,098", "92,191", "92,712", "946,344", "95,975", "97,723", 
    "990,382"), class = "factor"), TSurplus.or.Deficit = structure(c(107L, 
    114L, 102L, 60L, 40L, 94L, 116L, 73L, 86L, 22L, 89L, 96L, 
    1L, 1L, 77L, 103L, 85L, 87L, 12L, 95L, 104L, 112L, 109L, 
    118L, 110L, 115L, 88L, 117L, 111L, 113L, 63L, 26L, 25L, 50L, 
    28L, 54L, 24L, 86L, 30L, 31L, 56L, 33L, 71L, 65L, 64L, 16L, 
    101L, 90L, 105L, 48L, 106L, 8L, 76L, 3L, 32L, 99L, 98L, 27L, 
    10L, 100L, 49L, 80L, 55L, 66L, 6L, 51L, 84L, 44L, 97L, 29L, 
    41L, 42L, 14L, 75L, 68L, 81L, 13L, 69L, 74L, 57L, 82L, 83L, 
    11L, 35L, 23L, 37L, 39L, 15L, 18L, 17L, 38L, 46L, 47L, 45L, 
    34L, 21L, 9L, 36L, 108L, 91L, 93L, 92L, 19L, 53L, 58L, 52L, 
    43L, 20L, 62L, 7L, 4L, 5L, 2L, 79L, 78L, 72L, 70L, 61L, 59L, 
    67L), .Label = c("_*", "-1,086,963", "-1,154", "-1,294,373", 
    "-1,299,593", "-1,411", "-1,412,688", "-1,519", "-107,431", 
    "-12,849", "-127,977", "-13,363", "-14,744", "-14,908", "-149,730", 
    "-15,936", "-152,639", "-155,178", "-157,758", "-160,701", 
    "-163,952", "-18", "-185,367", "-2,193", "-2,602", "-2,735", 
    "-2,769", "-2,803", "-2,842", "-2,846", "-2,920", "-2,993", 
    "-20,503", "-203,186", "-207,802", "-21,884", "-212,308", 
    "-221,036", "-221,227", "-23", "-23,033", "-23,373", "-248,181", 
    "-25,161", "-255,051", "-269,238", "-290,321", "-3,119", 
    "-3,335", "-3,586", "-3,698", "-318,346", "-377,585", "-4,304", 
    "-4,756", "-4,941", "-40,726", "-412,727", "-413,289", "-43", 
    "-457,827", "-458,553", "-462", "-47,553", "-47,557", "-5,915", 
    "-502,672", "-53,242", "-53,659", "-531,126", "-54,554", 
    "-563,564", "-57", "-59,185", "-6,135", "-6,493", "-63", 
    "-648,805", "-679,502", "-7,146", "-73,732", "-73,830", "-78,968", 
    "-8,643", "-853", "-89", "-9,032", "1,155", "11", "11,796", 
    "125,610", "128,236", "236,241", "25", "291", "3", "3,242", 
    "3,412", "3,947", "301", "4,018", "45", "48", "509", "580", 
    "6,102", "63", "69,270", "713", "717", "734", "736", "738", 
    "77", "865", "87", "939", "963"), class = "factor"),